7.73996
8.80429
12.4208
6.00185
9.47226
8.57045
8.90254
10.5921
7.13888
10.2361
9.456
9.01452
9.2075
10.2801
9.26421
11.3102
11.6178
11.1119
10.5658
11.0461
8.29469
6.60746
10.1117
12.3806
8.60949
9.51997
7.46613
13.1595
10.4434
9.34676
7.53451
12.3375
8.65807
9.76709
6.76483
8.50996
9.38376
9.24258
9.08051
7.53833
7.56074
9.54579
10.3783
13.8015
11.0705
12.8522
9.5117
11.214
8.60974
12.1938
12.2452
7.01602
9.30085
7.45573
8.9745
10.8813
8.23361
7.13283
12.8956
11.8143
9.93394
11.8926
8.27429
10.2892
11.3015
6.74703
7.37697
7.4167
13.1288
9.90093
9.37931
12.6691
12.8061
8.99091
10.7115
7.71274
10.213
10.7523
11.1819
10.8532
14.2275
8.28406
7.2099
9.68626
8.58068
9.70597
12.158
9.37762
10.0245
11.658
7.25613
5.12172
8.63882
12.4619
9.25761
7.13164
8.59862
8.99257
9.32039
12.3957
10.3261
14.5231
9.53819
9.74318
9.82267
11.8211
13.2706
7.31444
11.3315
11.0558
12.5824
11.2487
8.48796
9.51714
7.55347
10.3916
12.1585
10.1611
11.8894
10.4935
11.2952
11.8904
12.1714
8.29107
10.4412
9.43312
10.9096
11.4436
11.2544
15.1596
11.2078
11.1047
13.3545
8.99769
9.8323
13.8358
12.6998
7.3472
11.6645
4.37637
12.7135
11.9308
9.09554
12.7931
9.20711
7.6216
10.0497
7.80738
10.5145
8.58953
8.9613
7.42739
9.55982
11.2146
9.31604
10.7952
8.97388
9.23489
10.2469
11.0586
7.29087
7.07194
8.84591
9.9606
6.90102
12.9846
11.3865
9.13207
9.63619
9.52732
11.4239
12.768
6.73435
7.60293
13.1835
7.74002
9.57093
9.80183
13.3289
8.40099
9.13745
9.72971
9.99467
10.9118
13.5263
8.67121
8.99251
10.6524
11.5355
8.1691
8.15369
11.6695
7.44061
6.90164
11.2673
13.3965
10.8548
12.0578
11.6538
11.3892
9.39505
10.0832
10.7056
8.0054
7.72962
6.4465
6.22544
10.0306
4.99832
12.0029
15.7656
13.191
9.89504
11.3666
8.95869
9.70615
8.55507
9.00981
10.987
5.82654
7.07882
7.29255
12.9143
10.9158
11.3089
5.94172
7.70674
8.5298
8.73037
12.2513
9.97738
10.5977
6.62413
10.2004
9.65405
13.3017
8.05603
15.2293
8.3821
12.9182
11.0805
9.32786
11.4404
9.6176
10.7174
6.99359
10.6726
12.8203
11.1611
9.49675
11.017
10.4401
8.30294
6.84678
7.38794
11.8035
10.8735
12.208
6.25447
9.18123
14.4212
10.7704
13.4766
9.90697
9.3522
9.89111
11.1426
6.04954
5.65663
10.3052
6.38797
9.28275
9.43366
8.13465
8.32816
10.166
9.71573
11.5347
10.0845
12.1626
7.00944
8.2256
8.27573
8.53484
9.69904
9.14824
9.37398
10.8599
10.3847
9.75477
6.70549
6.93619
9.78423
12.3854
10.8683
4.6596
13.7714
12.5694
12.0857
10.2371
11.9839
9.65764
9.32864
8.99403
9.16965
9.51786
13.5484
12.845
7.53794
6.90117
10.6188
11.9595
7.16174
11.2694
5.97033
9.44149
10.0193
9.56495
7.56488
11.4555
11.3958
9.42486
9.70039
11.8525
16.0729
12.3652
6.98618
8.18875
7.77007
9.31747
9.64516
12.5503
10.3874
10.6193
8.38768
11.1713
9.62385
10.1553
11.1159
7.18046
10.3562
8.84058
9.43545
8.75944
10.3031
8.98757
8.71263
7.33864
7.69045
6.36061
9.46909
8.80698
11.3836
9.28549
10.814
12.1027
10.0204
10.4451
9.15508
8.02748
13.4106
13.4898
11.3497
13.8185
11.4261
11.3946
11.0481
14.5266
11.4856
10.8935
14.0914
11.0852
12.8293
13.834
10.1638
9.13263
8.30105
11.1828
11.9175
5.26863
11.6657
13.4223
10.6601
15.8254
11.7578
7.09995
9.98112
6.70829
12.1841
11.9517
12.1625
9.80876
5.99313
10.5133
8.41093
7.23593
12.4421
10.4551
14.5781
11.4364
7.10847
9.74386
11.6747
13.0394
6.83453
11.7723
10.3858
9.78564
7.97783
9.84252
11.4568
6.72351
8.56104
13.8812
10.0057
9.93262
9.47384
12.3406
9.00763
10.1416
8.01777
8.44243
10.4137
6.9573
8.47523
10.015
14.6491
9.35333
12.8476
13.2944
10.3232
10.1826
11.8035
8.9275
8.78457
12.3171
10.8876
7.97327
7.85135
11.7446
9.36143
5.65519
14.1906
10.3804
10.948
10.7353
12.2789
11.5299
14.1775
9.86589
8.53408
7.96005
7.40319
8.51888
7.73347
11.9252
10.7013
8.70654
7.69339
9.67348
12.8194
6.4478
10.7356
10.6466
13.3723
11.6403
9.09583
12.2545
11.0128
10.1065
9.36505
7.57276
12.8877
12.34
11.6163
8.96622
8.84489
8.33109
12.1666
10.3771
10.33
9.8501
7.61597
13.3696
9.15119
11.1419
10.5229
11.7619
15.0814
8.84143
9.20974
8.72533
11.9964
7.21833
13.0327
8.84591
9.71068
8.93999
9.6941
11.1877
5.99098
7.23174
12.1725
8.74154
9.9317
12.2591
10.8666
7.10314
11.0239
8.55741
9.42917
10.6356
10.1577
7.15822
10.4388
8.58192
8.50422
10.6966
8.13076
9.60883
8.35461
8.33753
7.90592
9.78394
10.9407
11.7548
10.598
8.99631
11.6354
9.46326
7.85018
10.4911
4.63192
8.42265
11.57
11.5584
11.5065
8.76846
7.56014
9.69553
7.85496
9.7058
10.5072
13.3996
8.39892
8.25591
11.4818
13.9779
10.9002
5.12709
11.8535
9.55071
11.8478
9.87053
8.37417
10.6802
9.20691
14.1313
7.82187
8.41687
9.88067
10.877
13.3881
10.7358
10.4003
11.9672
10.5181
12.2719
7.3606
9.03301
11.2266
10.99
11.4152
7.09305
9.59962
10.6307
9.79607
7.66438
10.5269
9.50127
9.94734
10.1374
11.8646
12.9511
9.4865
7.63035
9.53803
13.3068
8.97864
8.42933
9.48045
8.39343
11.3323
7.70392
12.8547
10.9887
5.52516
14.6869
5.35266
13.4087
9.20661
9.7087
8.32824
9.05078
9.52976
9.67659
8.20787
14.2947
11.2722
9.75044
11.4192
9.02142
14.1683
10.3871
9.78747
9.66463
8.23642
9.24399
11.5929
11.3965
8.59021
8.9575
6.84979
9.30174
10.8781
10.6245
6.63921
12.2581
5.54128
9.69358
11.2968
11.4923
11.0373
10.5751
12.9315
9.52605
11.2389
9.89842
9.84353
8.42821
12.6922
10.9916
8.91153
14.5465
9.76455
8.96214
8.73593
9.43954
12.4552
12.17
11.3687
10.4078
10.2513
12.4433
10.6105
10.888
10.4923
6.52736
7.19859
6.80353
6.54195
8.86885
8.14834
10.235
11.174
11.0645
7.55586
11.9936
9.18945
11.6848
9.80029
9.44541
9.18557
9.57696
9.33996
10.0796
10.9229
9.65817
6.87333
7.89048
7.70589
10.1517
9.56518
9.97851
10.151
8.05062
10.855
4.34486
11.3288
8.79908
9.68717
5.96638
9.67389
11.3874
7.64851
8.87754
11.2185
7.80753
10.1749
7.55748
12.3043
11.6355
11.2904
6.75401
8.45717
8.60138
10.3156
15.1177
8.29415
5.78419
11.2566
8.81246
8.93466
11.0671
8.75054
9.68007
10.8045
11.8377
11.9139
10.3814
8.22143
11.0149
8.29295
10.2152
7.22259
5.25937
12.975
12.0155
7.95603
14.7409
9.22045
8.88897
10.7761
10.8664
9.64008
10.2916
7.77388
10.0862
9.65918
11.971
9.01098
10.0025
7.27337
10.2881
13.3376
10.7413
9.0486
8.08448
9.93974
9.88589
10.1751
12.5345
9.64983
4.91359
9.73994
10.637
6.67189
6.16078
8.99399
11.0648
7.90354
11.6508
12.2862
10.7311
7.49228
8.32902
9.19199
12.5708
9.94876
9.6046
6.92595
8.27798
11.6893
7.71864
11.2635
3.25881
10.3847
11.1749
8.98238
7.5942
9.46186
9.58279
13.6565
9.552
11.0981
8.75759
11.4478
11.5022
10.4853
12.3267
10.9414
10.2475
6.40589
7.82105
9.24876
11.1874
9.15
11.4014
11.5399
8.06803
7.58566
9.73489
9.93808
9.74074
10.6383
9.23818
9.26816
12.7675
11.6215
9.81031
7.7572
13.813
9.46274
11.4749
13.944
10.1709
11.1113
9.49247
7.98036
10.2765
11.0567
9.15742
9.70544
7.18704
9.28827
8.24129
10.9642
7.01907
11.3644
11.4088
10.0193
9.1072
8.83285
10.5937
9.25498
8.32913
11.013
11.9645
8.94176
6.71927
4.34258
11.6955
10.7134
12.892
10.3817
8.84372
6.52692
9.56412
9.1852
11.6912
7.22469
8.65887
9.98135
9.21534
7.25891
11.0623
11.9186
8.24118
7.76714
8.93638
9.20322
11.3634
10.9181
6.78846
10.7475
12.4289
9.9086
11.8485
12.9198
10.3805
8.53443
10.2419
8.72938
8.30246
12.1176
9.23226
8.55835
9.02016
11.4717
9.24101
11.2686
10.0079
14.1014
11.3737
11.5331
7.7412
8.8395
11.106
15.3915
8.23979
12.809
12.8381
11.4508
10.3956
8.62779
7.37225
11.55
7.24941
8.85708
7.90668
8.3661
9.53858
6.65945
7.02286
11.9149
12.6718
10.9153
6.73442
13.8398
11.9799
9.42526
9.7744
12.6377
11.0455
12.0129
11.2155
8.79594
10.4033
11.2075
9.55929
10.077
11.346
11.3728
8.00255
11.6923
6.76925
9.20957
8.39662
9.27376
12.442
9.21208
8.58827
11.6247
10.539
9.45371
6.87814
10.8131
7.59251
12.6254
9.41928
12.5677
10.9229
10.5654
6.22599
10.2862
7.46361
10.0343
10.6853
8.3448
8.96057
10.8783
9.68892
8.67464
11.9832
5.75692
7.98339
8.87301
10.0365
6.59224
9.50888
9.19202
13.6222
10.753
8.97391
11.1849
7.85507
12.5064
11.876
7.10036
11.2975
10.1866
9.19123
10.528
12.3098
9.08801
8.24361
11.042
8.08488
10.1196
10.5314
8.80528
8.09816
7.65809
12.8987
10.6829
8.33681
7.67707
10.9823
11.0064
8.40099
9.25804
10.2137
10.9817
14.16
12.257
11.792
11.4233
13.6711
9.94225
7.89094
